Етап_1 7870 2518 2515
Етап_2 7634 5420 952
Етап_3 7100 6461 89
Етап_4 6816 1840 1344
Етап_5 6339 5959 251
Етап_6 6085 2677 2045
Етап_7 5902 4367 1382
Етап_8 5312 1912 1326
Етап_9 5153 1855 2506
Етап_10 4792 3929 725
Етап_11 4552 3414 762
Етап_12 4097 3851 189
Етап_13 4015 1164 1454
Етап_14 3814 1678 2008
Етап_15 3661 1904 773
Етап_16 3515 2531 462
Етап_17 3234 1585 857
Етап_18 2943 1442 1006
Етап_19 2737 958 1601
Етап_20 2463 2291 83
Етап_21 2364 662 255
Етап_22 2175 674 495
Етап_23 2066 950 1049
Етап_24 2025 1620 97
Етап_25 1843 682 499
Етап_26 1825 967 635
Етап_27 1807 596 593
Етап_28 1681 487 561
Етап_29 1563 813 285
Етап_30 1407 957 360
Етап_31 1379 1089 35
Етап_32 1241 1080 40
Етап_33 1216 705 164
Етап_34 1107 365 282
Етап_35 1041 520 287
Етап_36 968 281 137
Етап_37 891 490 289
Етап_38 811 276 433
Етап_39 803 377 396
Етап_40 771 648 82
Етап_41 763 473 191
Етап_42 694 180 36
Етап_43 632 190 137
Етап_44 581 174 358
Етап_45 546 448 92
Етап_46 497 417 54
Етап_47 492 138 117
Етап_48 453 349 22
Етап_49 408 294 71
Етап_50 375 101 153
Етап_51 345 138 124
Етап_52 331 122 119
Етап_53 318 146 62
Етап_54 302 112 179
Етап_55 296 86 78
Етап_56 290 215 25
Етап_57 284 244 19
Етап_58 261 198 49
Етап_59 243 185 44
Етап_60 231 69 57
Етап_61 215 187 2
Етап_62 209 192 14
Етап_63 194 167 17
Етап_64 182 100 43
Етап_65 169 86 70
Етап_66 157 74 55
Етап_67 154 65 83
Етап_68 143 73 13
Етап_69 129 117 6
Етап_70 126 50 33
Етап_71 122 45 20
Етап_72 110 38 22
Етап_73 109 38 9
Етап_74 102 62 32
Етап_75 98 55 19
Етап_76 97 88 3
Етап_77 96 27 29
Етап_78 87 63 19
Етап_79 81 23 30
Етап_80 79 54 1
Етап_81 73 42 20
Етап_82 67 46 6
Етап_83 62 30 8
Етап_84 59 30 6
Етап_85 56 26 21
Етап_86 51 36 13
Етап_87 49 17 2
Етап_88 45 40 1
Етап_89 40 29 5
Етап_90 38 27 1
Етап_91 37 11 13
Етап_92 33 11 2
Етап_93 30 17 10
Етап_94 27 19 5
Етап_95 25 12 9
Етап_96 23 14 3
Етап_97 21 8 5
Етап_98 20 7 6
Етап_99 18 8 6
Етап_100 17 6 10